Divisor: 41 (A divisor value of 0 means Midsquare hashing was used)
Bucket Size: 3

Input values:
12501  84763  22599  2698  55555  
72501  99999  33975  62501  42501  
90911  42699  80800  18765  78901  
2699  31753  22699  67676  59531  
13956  1234  90123  78888  39531  
49531  56565  89531  67890  22999  
81111  79531  37319  27431  92501  
9531  47893  14763  62699  57391  
54321  35197  71717  89102  49287  
26987  11  99989  64763  19501  
12503  22705  38531  47993  54545  
62000  78911  88531  92345  358  

Values of -1 indicate an empty bucket slot.



Collision handling: Linear Probing
Hash table with bucket size 3:
55555  99999  -1  
-1  -1  -1  
27431  -1  -1  
49531  14763  -1  
1234  78888  -1  
90123  92501  47893  
49287  -1  -1  
39531  -1  -1  
22599  71717  62000  
37319  89102  26987  
62699  -1  -1  
11  -1  -1  
88531  -1  -1  
72501  81111  92345  
90911  -1  -1  
54545  -1  -1  
84763  13956  -1  
62501  78901  -1  
42699  -1  -1  
31753  9531  35197  
-1  -1  -1  
-1  -1  -1  
-1  -1  -1  
47993  -1  -1  
64763  -1  -1  
42501  -1  -1  
22699  67676  56565  
33975  19501  78911  
18765  89531  -1  
-1  -1  -1  
80800  358  -1  
99989  -1  -1  
79531  57391  22705  
2698  38531  -1  
2699  -1  -1  
67890  -1  -1  
-1  -1  -1  
12501  54321  -1  
-1  -1  -1  
22999  12503  -1  
59531  -1  -1  
Number of collisions using Linear Probing: 3


Collision handling: Quadratic Probing
Hash table with bucket size 3:
55555  99999  -1  
-1  -1  -1  
27431  -1  -1  
49531  14763  -1  
1234  78888  -1  
90123  92501  47893  
49287  -1  -1  
39531  -1  -1  
22599  71717  62000  
37319  89102  26987  
62699  -1  -1  
11  -1  -1  
88531  -1  -1  
72501  81111  92345  
90911  -1  -1  
54545  -1  -1  
84763  13956  -1  
62501  78901  -1  
42699  -1  -1  
31753  9531  35197  
-1  -1  -1  
-1  -1  -1  
-1  -1  -1  
47993  -1  -1  
64763  -1  -1  
42501  -1  -1  
22699  67676  56565  
33975  19501  78911  
18765  89531  -1  
-1  -1  -1  
80800  358  -1  
99989  -1  -1  
79531  57391  22705  
2698  38531  -1  
2699  -1  -1  
67890  -1  -1  
-1  -1  -1  
12501  54321  -1  
-1  -1  -1  
22999  12503  -1  
59531  -1  -1  

Number of collisions using Quadratic Probing: 3
