Divisor: 113 (A divisor value of 0 means Midsquare hashing was used)
Bucket Size: 1

Input values:
12501  84763  22599  2698  55555  
72501  99999  33975  62501  42501  
90911  42699  80800  18765  78901  
2699  31753  22699  67676  59531  
13956  1234  90123  78888  39531  
49531  56565  89531  67890  22999  
81111  79531  37319  27431  92501  
9531  47893  14763  62699  57391  
54321  35197  71717  89102  49287  
26987  11  99989  64763  19501  
12503  22705  38531  47993  54545  
62000  78911  88531  92345  358  

Values of -1 indicate an empty bucket slot.

Collision handling: Linear Probing
Hash table with bucket size 1:
31753  -1  -1  -1  -1  
80800  -1  18765  -1  -1  
-1  11  62501  84763  42501  
78888  64763  -1  -1  49287  
358  -1  -1  -1  92345  
-1  -1  78901  -1  37319  
-1  -1  -1  -1  -1  
89531  -1  49531  78911  9531  
-1  -1  -1  -1  -1  
-1  -1  -1  -1  -1  
-1  -1  88531  -1  35197  
-1  -1  13956  89102  90911  
22999  -1  90123  -1  -1  
56565  19501  92501  72501  -1  
-1  12501  55555  14763  12503  
33975  71717  62000  -1  54545  
-1  54321  47993  -1  -1  
27431  -1  -1  -1  -1  
67890  81111  79531  59531  39531  
47893  26987  62699  42699  2698  
2699  22699  67676  57391  1234  
99989  22705  99999  -1  -1  
-1  38531  22599  -1  -1  
-1  -1  -1  -1  -1  

Number of collisions using Linear Probing: 30


Collision handling: Quadratic Probing
Hash table with bucket size 1:
31753  -1  -1  -1  -1  
80800  -1  18765  -1  -1  
-1  11  62501  84763  42501  
78888  -1  -1  64763  49287  
358  -1  -1  -1  92345  
-1  -1  78901  -1  37319  
-1  -1  -1  -1  -1  
89531  -1  49531  78911  9531  
-1  -1  -1  -1  -1  
-1  -1  -1  -1  -1  
-1  -1  88531  -1  35197  
-1  -1  13956  89102  90911  
22999  -1  90123  -1  -1  
56565  19501  92501  72501  -1  
-1  12501  55555  14763  12503  
33975  71717  62000  -1  54545  
-1  54321  47993  -1  -1  
27431  -1  -1  -1  -1  
67890  81111  79531  59531  39531  
47893  -1  62699  42699  2698  
2699  57391  67676  22699  1234  
22705  -1  99999  -1  -1  
-1  38531  22599  26987  -1  
-1  -1  99989  -1  -1  

Number of collisions using Quadratic Probing: 24


Collision handling: Chaining
Hash table with bucket size 1:
31753  -1  -1  -1  -1  
80800  -1  18765  -1  -1  
-1  11  62501  84763  78888  
42501  64763  -1  -1  49287  
358  -1  -1  -1  92345  
-1  -1  78901  -1  37319  
-1  -1  -1  -1  -1  
89531  -1  49531  78911  9531  
-1  -1  -1  -1  -1  
-1  -1  -1  -1  -1  
-1  -1  88531  -1  35197  
-1  -1  13956  89102  90911  
22999  -1  90123  -1  -1  
56565  19501  92501  72501  -1  
-1  12501  55555  14763  12503  
33975  62000  71717  -1  54545  
-1  54321  47993  -1  -1  
27431  -1  -1  -1  -1  
67890  81111  79531  59531  39531  
47893  26987  62699  42699  2698  
2699  22699  67676  57391  1234  
22705  99989  99999  -1  -1  
-1  38531  22599  -1  -1  
-1  -1  -1  -1  -1  

Number of collisions using Chaining: 30
