Divisor: 0 (A divisor value of 0 means Midsquare hashing was used)
Bucket Size: 1

Input values:
12501  84763  22599  2698  55555  
72501  99999  33975  62501  42501  
90911  42699  80800  18765  78901  
2699  31753  22699  67676  59531  
13956  1234  90123  78888  39531  
49531  56565  89531  67890  22999  
81111  79531  37319  27431  92501  
9531  47893  14763  62699  57391  
54321  35197  71717  89102  49287  
26987  11  99989  64763  19501  
12503  22705  38531  47993  54545  
62000  78911  88531  92345  358  

Values of -1 indicate an empty bucket slot.

Collision handling: Linear Probing
Hash table with bucket size 1:
62699  -1  -1  -1  -1  
-1  54321  -1  -1  -1  
-1  -1  18765  11  -1  
-1  90123  -1  -1  -1  
42699  78888  1234  71717  22699  
31753  -1  12501  19501  26987  
33975  47993  49531  42501  47893  
12503  57391  -1  59531  9531  
64763  62000  84763  -1  -1  
27431  90911  54545  -1  -1  
79531  22705  78901  -1  -1  
-1  89531  -1  55555  -1  
99989  -1  72501  62501  92501  
38531  92345  78911  -1  39531  
37319  22599  -1  -1  -1  
88531  13956  -1  -1  2698  
99999  358  35197  -1  2699  
49287  80800  -1  81111  89102  
56565  67890  67676  -1  14763  
22999  -1  -1  -1  -1  
-1  -1  -1  -1  -1  
-1  -1  -1  -1  -1  
-1  -1  -1  -1  -1  
-1  -1  -1  -1  -1  

Number of collisions using Linear Probing: 17


Collision handling: Quadratic Probing
Hash table with bucket size 1:
62699  -1  -1  -1  -1  
-1  54321  -1  -1  -1  
-1  -1  18765  11  -1  
-1  90123  -1  -1  -1  
42699  78888  1234  71717  22699  
31753  -1  12501  19501  26987  
33975  47993  49531  42501  47893  
-1  57391  -1  59531  9531  
62000  -1  84763  -1  -1  
27431  90911  54545  64763  -1  
79531  22705  78901  -1  -1  
-1  89531  -1  55555  -1  
99989  -1  72501  62501  38531  
-1  92501  12503  78911  39531  
37319  22599  -1  -1  -1  
88531  13956  -1  -1  2698  
99999  358  35197  -1  2699  
49287  80800  -1  81111  89102  
56565  67890  67676  -1  14763  
22999  -1  -1  -1  -1  
-1  92345  -1  -1  -1  
-1  -1  -1  -1  -1  
-1  -1  -1  -1  -1  
-1  -1  -1  -1  -1  

Number of collisions using Quadratic Probing: 24


Collision handling: Chaining
Hash table with bucket size 1:
62699  -1  -1  -1  -1  
-1  54321  -1  -1  -1  
-1  -1  18765  11  -1  
-1  90123  -1  -1  -1  
42699  78888  1234  71717  22699  
31753  -1  12501  19501  26987  
33975  47993  49531  42501  47893  
12503  57391  -1  59531  9531  
62000  64763  84763  -1  -1  
27431  90911  54545  -1  -1  
79531  22705  78901  -1  -1  
-1  89531  -1  55555  -1  
99989  -1  72501  38531  62501  
92501  92345  78911  -1  39531  
37319  22599  -1  -1  -1  
88531  13956  -1  -1  2698  
99999  358  35197  -1  2699  
49287  80800  -1  81111  89102  
56565  67890  67676  -1  14763  
22999  -1  -1  -1  -1  
-1  -1  -1  -1  -1  
-1  -1  -1  -1  -1  
-1  -1  -1  -1  -1  
-1  -1  -1  -1  -1  

Number of collisions using Chaining: 16
